name: py310
channels:
  - defaults
  - conda-forge
dependencies:
  - bzip2=1.0.8=h8ffe710_4
  - ca-certificates=2023.7.22=h56e8100_0
  - libffi=3.4.2=h8ffe710_5
  - libsqlite=3.43.2=hcfcfb64_0
  - libzlib=1.2.13=hcfcfb64_5
  - openssl=3.1.3=hcfcfb64_0
  - pip=23.3=pyhd8ed1ab_0
  - python=3.10.12=h4de0772_0_cpython
  - setuptools=68.2.2=pyhd8ed1ab_0
  - tk=8.6.13=hcfcfb64_0
  - tzdata=2023c=h71feb2d_0
  - ucrt=10.0.22621.0=h57928b3_0
  - vc=14.3=h64f974e_17
  - vc14_runtime=14.36.32532=hdcecf7f_17
  - vs2015_runtime=14.36.32532=h05e6639_17
  - wheel=0.41.2=pyhd8ed1ab_0
  - xz=5.2.6=h8d14728_0
prefix: C:\Users\willeke.acampo\Anaconda3\envs\py310
